7
14
14
14
14
23
23
14
23
32
32
32
23
32
91
32
91
49
50
49
47
78
49
47
78
49
36
78
49
78
78
45
53
13.600000000000001
13.600000000000001
22.8
22.8
50
50
4.800000000000001
8.200000000000001
11.600000000000001
14.8
16.8
16.8
16.8
22.6
28.8
40
32
41.6
49.6
57.6
64
38
40.6
40.6
46.400000000000006
42
49
50
66
42
42
42
46
70
46
46
57
26
0
53
50
27
142
45
101
91
91
68
68
55
27
21
22
27
27
40
40
70
60
46
46
91
91
91
91
50
50
50
5
6
13
10
20
24
17
24
30
27
40
27
35
40
42
42
47
51
60
57
46
46
40
32
44