4.6
3.8
4.3
4.6
6
4.2
3.5
4.4
4.4
3.8
3.8
3,7
4.5
4.4
5.4
3.5
5.4
4.4
3.7
4.4
5.4
3,7
4.4
5.4
3,7
4.4
5.4
3,7
5.4
3
4
3.5
6.1
4
4
4
4
4
3.26
4.6
4.2
4
3
3
2.7
2.5
2.5
2.2
2
4
3.5
2.6
2.2
2
4
3.8
3.5
3
2.5
4.6
3.8
4
3.5
3.2
3
3
12
3.6
3.6
3.8
0
5
3.5
3.2
5
10
6
10
10
10
7
9
5
3
3
3
3.3
3.3
3.5
3.5
4
4
3
2.6
4.7
6
6.7
8
3.3
3.7
3
2.6
3
2
2.4
2.1
3
3
3.5
3
4
2.8
3.5
3.3
3
3.8
3.8
4.2
4.5
5
3.8
3.6
3.6
3.6
3.6
2.1