5000
35000
38000

85000
70000
75000
140000
140000
200000
150000
380000
400000
420000


950000
1100000
900000
2400000
1450000
1400000
2400000
2300000
2400000
3800000
3400000
3400000
6200000
6500000
6500000


350000
600000
1100000
1800000
3200000
5000000
5000
200000
450000
800000
1250000
1800000
2450000
3200000
4050000
5000000
1800000
2450000
3200000
4050000
5000000
2450000
3200000
4050000
5000000

1500000
3600000
6200000












38000


3400000
2400000
1400000
900000
380000
200000
70000
350000

600000
1100000
1800000
3200000
5000000



6800000
3500000
2500000
1480000
130000
180000
240000
5000
41000
46000
75000
69000
300000
376000
375000
345000
531000
414000
620000
483000
5600000
4400000
6300000
4900000
7000000
5500000
7000000
6300000
5000000
1500000
1500000
6000000