16
13
17
16
18
25
30
20
20
75
45
45
75
60
75
45
75
120
75
110
90
60
120
130
90
133
190
90
220
120
239
128
140
37
20
30
30
80
90
7
9
9
10
12
12
16
20
20
30
10
10
10
10
10
126
170
210
283
140
180
170
260
160
200
60
120
100
130
100
95
80
75
140
70
6
25
200
20
18
18
15
15
10
5
90
90
90
140
140
170
200
220
260
220
120
120
90
75
75
100
120
13
14
11
21
11
33
35
33
35
70
35
75
55
100
55
55
122
147
160
160
140
135
85
85
115