



















259












0
0
0
0
0
0
26.400000000000002
45.1
63.800000000000004
81.4
92.4
92.4
92.4
124.30000000000001
158.4
220.00000000000003
176
228.8
272.8
316.8
352
0
0
0
0
231
268
275
363
231
231
231
251
385
255
255
315
143
0
290
273
0
156
248
111
100
100
100
100
100
100
113
121
149
149
220
220
385
329
255
255
502
502
502
502
275
275
275
26
34
73
57
108
131
91
131
165
150
220
150
194
220
231
231
260
281
330
315
255
255
220
178
242