40
82
82
82
82
137
137
82
137
194
194
194
137
194
547
194
547
293
300
293

468
293
282
468
293
214
468
293
468
468
270
317
81.6
81.6
136.79999999999998
136.79999999999998
300
300
0
0
0
0
0
0
0
0
0
0
192
249.6
297.59999999999997
345.59999999999997
384
228
243.6
243.6
278.4
0
293
300
396
252
252
252
274
420
278
278
343
156
0
317
298
0
170
270
121
109
109
109
109
109
109
124
132
162
162
240
240
420
359
278
278
547
547
547
547
300
300
300
29
37
79
62
118
143
100
143
180
163
240
163
211
240
252
252
283
306
360
343
278
278
240
196
264