
800
900

2300
1900
2000
6000
6000
8000
6500
14500
15000
16000


45000
50000
43000
125000
75000
70000
125000
120000
125000
210000
200000
190000
250000
260000
260000


13000
25000
45000
80000
150000
240000

800
2700
6400
12500
21600
34300
51200
72900
100000
21600
34300
51200
72900
100000
34300
51200
72900
100000

78000
200000
250000












900


190000
125000
70000
43000
14500
8000
1900
13000

25000
45000
80000
150000
240000



270000
195000
130000
76000
130000
180000
240000
0
1700
1800
4500
4000
16000
14000
25000
22000
41000
32000
56000
44000
184000
144000
232000
182000
287000
225000
287000
232000
184000
49000
49000
250000