33
68
68
68
68
114
114
68
114
162
162
162
114
162
456
162
456
244
250
244
235
390
244
235
390
244
178
390
244
390
390
225
264
68
68
114
114
250
250
24
41
58
74
84
84
84
113
144
200
160
208
248


190
203
203
232
210
244
250
330
210
210
210
228
350
232
232
286
130

264
248

142
225
101
91
91
68
68
55
27
103
110
135
135
200
200
350
299
232
232
456
456
456
456
250
250
250
24
31
66
52
98
119
83
119
150
136
200
136
176
200
210
210
236
255
300
286
232
232
200
162
220